102.2
102.2
102.2
102.2
102.2
102.2
102.2
102.2
102.2
102.2
102.2
101.3
101.3
101.3
101.3
101.3
101.3
101.3
101.3
101.3
101.3
101.3
101.3
101.3
101.3
101.3
101.3
101.3
101.3
101.3
101.3
101.3
101.3
100.4
100.4
100.4
100.4
100.4
100.4
100.4
100.4
100.4
100.4
100.4
100.4
100.4
100.4
99.5
99.5
99.5
99.5
99.5
99.5
99.5
99.5
99.5
99.5
99.5
99.5
98.6
98.6
98.6
98.6
98.6
98.6
98.6
98.6
98.6
98.6
97.7
97.7
97.7
97.7
104.0
104.0
104.0
104.0
104.0
104.0
104.0
104.0
104.0
104.0
103.1
103.1
103.1
103.1
103.1
103.1
103.1
103.1
103.1
103.1
103.1
103.1
103.1
103.1
103.1
103.1
103.1
103.1
103.1
103.1
102.2
102.2
102.2
102.2
102.2
102.2
102.2
102.2
102.2
102.2
102.2
102.2
