67.64
67.46
67.46
67.28
67.28
67.28
67.1
67.1
67.1
67.28
67.28
67.28
67.28
67.28
67.28
67.28
67.28
67.28
67.46
67.28
67.28
67.28
67.1
67.1
66.92
66.92
66.74
66.74
66.56
66.56
66.56
66.56
66.56
66.56
66.56
66.56
66.56
66.56
66.38
66.38
66.2
66.2
66.2
66.02
66.02
66.02
65.84
65.84
65.84
65.66
65.66
65.66
65.66
65.48
65.66
65.48
65.66
65.66
65.48
65.48
65.66
65.66
65.66
65.66
65.66
65.48
65.48
65.48
65.48
65.48
65.3
65.48
65.48
67.82
67.82
68.0
67.82
67.82
67.64
67.64
67.64
67.46
67.46
67.28
67.28
67.1
67.1
67.1
67.1
67.1
67.1
67.1
67.1
67.28
67.28
67.28
67.46
67.64
67.64
67.64
67.82
67.64
67.64
67.64
67.64
67.64
67.64
67.82
67.82
67.82
67.82
67.82
67.82
67.82
67.64
